21.130	4.663
7.389	3.087
7.601	3.046
7.805	2.748
8.004	2.783
8.209	2.832
8.395	3.031
8.581	3.350
8.794	3.302
9.008	3.500
9.213	3.614
9.400	4.085
9.599	4.108
9.797	4.076
10.000	4.585
10.200	5.683
10.402	7.191
10.600	7.991
10.799	8.060
10.997	7.071
11.202	7.515
11.400	7.239
11.599	7.866
11.801	8.183
12.001	8.502
12.201	9.214
12.401	9.507
12.605	10.254
12.798	9.807
13.004	11.350
13.207	11.049
13.399	12.044
13.602	12.646
13.800	13.066
14.000	13.686
14.205	14.431
14.199	14.223
14.200	14.087
14.199	14.110
14.199	14.162
14.199	14.298
14.201	14.477
14.197	14.536
14.200	14.552
14.200	14.443
14.402	15.070
14.401	14.715
14.399	14.975
14.395	15.426
14.396	15.492
14.401	15.063
14.400	14.742
14.400	15.093
14.401	15.402
14.402	15.483
14.600	15.725
14.601	15.867
14.599	16.602
14.600	15.870
14.610	15.584
14.593	16.448
14.599	16.216
14.598	15.408
14.599	16.027
14.594	16.465
14.804	16.524
14.805	17.629
14.803	17.027
14.802	16.432
14.803	17.551
14.797	16.222
14.805	17.243
14.801	17.126
14.808	16.615
14.808	17.734
15.010	17.657
15.002	18.749
14.999	17.054
14.996	18.524
15.000	17.286
14.999	18.639
15.001	17.113
14.998	18.547
14.999	17.091
15.000	18.643
15.209	18.657
15.201	19.594
15.203	18.917
15.203	18.745
15.201	19.803
15.196	18.243
15.199	19.374
15.197	18.691
15.200	18.624
15.199	19.585
15.411	19.898
15.396	19.973
15.400	20.722
15.403	19.779
15.400	19.726
15.400	20.635
15.400	20.250
15.400	19.502
15.398	20.359
15.401	20.500
15.617	21.675
15.599	21.193
15.603	21.523
15.597	21.852
15.599	21.582
15.604	20.964
15.600	20.940
15.599	21.411
15.602	21.982
15.602	21.719
15.810	23.355
15.804	22.718
15.799	22.604
15.801	22.722
15.802	22.788
15.798	22.887
15.798	23.081
15.798	23.185
15.799	23.089
15.801	22.939
16.009	25.254
16.006	24.711
15.996	24.578
15.999	24.455
16.000	24.339
16.001	24.366
15.999	24.349
15.998	24.405
16.001	24.382
16.002	24.453
16.202	26.871
16.207	26.053
16.202	25.822
16.204	25.930
16.202	26.129
16.201	26.321
16.199	26.420
16.200	26.673
16.200	26.514
16.202	26.277
16.394	28.582
16.402	27.807
16.411	28.263
16.407	28.646
16.402	28.404
16.398	27.724
16.399	27.369
16.399	28.124
16.400	28.650
16.402	28.386
16.588	30.378
16.590	30.434
16.592	31.344
16.597	29.978
16.600	29.477
16.603	31.023
16.599	30.498
16.597	29.280
16.601	30.628
16.598	31.147
16.774	32.392
16.786	33.984
16.797	32.699
16.799	32.144
16.797	33.570
16.797	31.596
16.800	33.182
16.801	32.519
16.802	31.867
16.798	33.678
16.964	34.894
16.993	37.022
17.011	34.154
17.006	36.761
16.995	34.017
17.004	36.680
17.000	34.127
17.002	36.678
17.003	34.103
17.005	36.794
17.158	38.325
17.219	39.051
17.204	38.049
17.191	36.981
17.202	38.995
17.204	36.468
17.194	38.527
17.205	37.735
17.194	36.837
17.199	38.766
17.365	40.756
17.425	39.738
17.386	41.419
17.412	39.785
17.386	39.108
17.407	40.638
17.394	40.232
17.403	38.509
17.391	40.035
17.411	41.049
17.577	43.822
17.618	41.515
17.593	42.060
17.602	42.484
17.602	42.409
17.599	41.547
17.600	41.117
17.600	41.869
17.593	42.722
17.603	42.451
17.796	47.290
17.780	45.461
17.817	44.970
17.786	45.221
17.795	45.164
17.804	45.210
17.799	45.503
17.796	45.537
17.800	45.880
17.795	45.528
18.026	51.895
17.968	50.663
18.000	49.982
18.011	49.842
17.998	49.736
17.993	49.918
17.999	49.561
17.992	49.610
17.994	49.608
18.004	49.825
18.247	57.591
18.183	56.172
18.181	54.906
18.186	55.087
18.196	55.342
18.203	55.719
18.198	55.828
18.198	55.780
18.202	55.605
18.206	55.247
18.465	63.714
18.413	62.222
18.397	62.753
18.400	63.279
18.399	62.429
18.394	60.771
18.396	60.384
18.402	62.226
18.402	62.959
18.398	62.180
18.675	70.889
18.630	70.280
18.611	71.693
18.594	68.128
18.600	68.246
18.597	71.175
18.599	69.838
18.603	68.263
18.605	70.528
18.599	70.941
18.883	80.094
18.822	80.778
18.797	77.403
18.795	76.670
18.794	79.735
18.799	74.803
18.803	79.520
18.798	76.945
18.805	77.268
18.805	80.381
19.086	90.670
18.999	91.249
18.980	83.759
18.995	89.759
19.001	83.760
18.997	89.372
18.997	83.744
18.999	89.537
18.996	83.620
18.995	89.118
19.285	104.666
19.161	102.004
19.194	102.046
19.207	97.746
19.202	102.525
19.193	97.445
19.194	101.346
19.207	101.408
19.201	97.491
19.200	102.567
19.462	124.631
19.355	120.083
19.419	122.799
19.392	116.802
19.400	114.793
19.401	119.473
19.396	118.430
19.402	114.768
19.397	118.148
19.400	120.720
19.636	151.719
19.590	148.415
19.607	143.902
19.597	146.038
19.601	144.995
19.599	141.445
19.598	139.963
19.602	142.348
19.598	144.672
19.600	144.184
19.807	188.866
19.835	190.257
19.770	172.655
19.812	177.933
19.795	177.331
19.798	176.773
19.800	178.131
19.799	178.778
19.801	178.382
19.799	177.765
19.970	234.383
20.049	249.524
19.994	239.399
19.986	228.906
20.005	234.295
20.001	234.617
19.998	233.535
19.999	233.133
20.001	232.520
19.996	230.737
20.132	300.620
20.234	349.330
20.228	354.698
20.206	345.964
20.189	330.652
20.196	331.078
20.200	337.689
20.202	340.966
20.199	339.127
20.197	334.703
20.294	405.379
20.389	485.881
20.406	556.492
20.408	597.728
20.406	610.870
20.403	601.001
20.401	593.071
20.399	600.924
20.399	612.376
20.397	614.248
20.472	618.178
20.662	593.557
20.615	617.093
20.597	608.486
20.593	593.402
20.605	611.590
20.602	617.456
20.594	592.886
20.602	604.235
20.598	620.909
20.708	597.120
20.881	638.791
20.848	649.615
20.753	614.599
20.804	654.972
20.821	626.654
20.787	639.729
20.790	646.257
20.817	619.583
20.797	654.148
20.921	625.917
21.046	644.244
21.012	614.795
20.994	645.055
20.996	615.912
20.998	645.492
20.996	616.414
20.998	645.701
20.994	617.100
20.996	645.989
21.079	616.076
21.142	643.764
21.112	613.678
21.043	658.336
20.866	621.411
21.552	311.051
21.093	315.350
21.101	311.697
21.243	282.984
21.217	258.780
21.314	268.467
21.478	207.763
21.359	216.332
21.412	212.515
21.397	216.726
21.396	211.144
21.403	205.718
21.398	214.673
21.393	215.326
21.396	207.198
21.586	205.632
21.589	183.305
21.592	182.954
21.602	173.750
21.596	172.827
21.603	173.166
21.594	177.065
21.598	176.668
21.601	173.207
21.596	171.427
21.834	168.780
21.749	154.253
21.824	148.024
21.787	148.979
21.804	146.539
21.800	146.466
21.801	145.124
21.799	144.222
21.798	144.678
21.798	145.373
22.063	142.760
21.948	131.238
22.000	125.403
22.013	125.315
21.997	126.524
21.995	127.835
21.996	127.954
21.998	127.005
22.002	126.274
22.001	126.123
22.285	123.376
22.187	117.979
22.177	113.832
22.192	112.721
22.198	113.440
22.206	111.505
22.199	110.989
22.197	111.478
22.199	112.035
22.202	112.748
22.484	111.027
22.424	105.581
22.395	101.115
22.389	100.019
22.395	100.738
22.397	102.476
22.400	102.439
22.399	100.731
22.399	100.100
22.400	101.731
22.676	100.468
22.635	93.272
22.615	91.377
22.611	94.935
22.609	94.134
22.604	90.408
22.601	93.361
22.604	94.638
22.599	90.896
22.588	92.771
22.850	91.446
22.809	84.408
22.801	87.506
22.791	86.384
22.790	85.177
22.796	88.478
22.799	83.356
22.800	87.208
22.803	85.734
22.807	84.149
23.026	84.181
22.974	78.779
22.986	81.708
23.003	78.044
23.002	81.657
22.995	78.039
22.995	81.912
22.998	78.634
23.002	82.352
23.002	78.696
23.212	78.901
23.171	76.318
23.205	74.366
23.204	77.161
23.197	73.023
23.199	75.780
23.200	74.963
23.195	73.766
23.203	76.930
23.200	73.406
23.398	72.986
23.384	73.018
23.405	69.833
23.390	70.368
23.406	72.421
23.400	70.165
23.396	69.455
23.397	72.120
23.402	71.464
23.398	69.374
23.580	68.701
23.603	68.536
23.599	67.819
23.599	66.580
23.600	66.447
23.596	67.147
23.600	68.073
23.600	67.718
23.598	66.450
23.597	66.195
23.778	64.939
23.810	64.298
23.792	64.037
23.802	64.075
23.799	63.989
23.797	63.350
23.797	62.991
23.800	62.908
23.794	62.862
23.803	63.176
23.969	61.730
24.013	61.020
24.001	60.527
23.982	60.335
24.003	60.174
23.997	59.854
23.999	60.114
23.998	60.181
23.994	60.209
23.998	60.302
24.176	58.643
24.196	59.119
24.203	58.519
24.200	57.990
24.200	57.581
24.201	57.534
24.189	57.638
24.195	57.787
24.207	58.066
24.202	58.209
24.369	57.507
24.390	56.961
24.402	55.424
24.399	54.871
24.404	55.897
24.400	56.603
24.400	56.126
24.399	55.282
24.401	55.242
24.399	55.814
24.583	55.372
24.591	53.260
24.597	52.650
24.597	54.520
24.599	54.256
24.599	52.525
24.598	54.092
24.596	54.760
24.596	52.799
24.595	53.419
24.787	53.969
24.798	51.059
24.801	52.787
24.800	51.937
24.799	51.013
24.798	53.146
24.798	50.632
24.797	52.482
24.799	51.929
24.797	50.856
24.989	51.722
25.000	49.068
25.001	50.991
24.998	48.894
24.998	51.056
24.998	49.082
24.997	51.231
24.997	48.986
24.998	50.998
24.998	48.665
25.196	49.316
25.201	48.220
25.199	47.611
25.199	49.251
25.198	47.117
25.198	48.939
25.197	48.176
25.198	47.657
25.199	49.253
25.198	47.160
25.397	47.870
25.401	47.967
25.397	46.217
25.399	46.709
25.398	47.757
25.398	46.467
25.398	46.311
25.399	47.800
25.399	47.176
25.397	45.920
25.597	46.304
25.597	46.555
25.599	46.023
25.598	45.233
25.598	44.975
25.599	45.495
25.599	46.001
25.598	45.754
25.598	45.048
25.600	44.957
25.799	44.527
25.796	44.489
25.799	44.465
25.797	44.513
25.798	44.508
25.798	44.304
25.799	44.094
25.798	43.993
25.797	44.233
25.798	44.260
25.997	43.716
25.996	43.497
25.997	43.377
25.999	43.342
25.997	43.382
25.997	43.432
25.998	43.443
25.998	43.425
25.998	43.412
25.997	43.299
26.199	42.741
26.198	42.727
26.198	42.631
26.198	42.378
26.199	42.217
26.199	41.929
26.199	41.869
26.199	41.943
26.198	42.131
26.199	42.410
26.397	42.357
26.398	42.042
26.397	40.909
26.397	40.626
26.398	41.155
26.397	41.613
26.397	41.691
26.398	40.967
26.397	40.672
26.397	41.269
26.597	41.438
26.597	40.313
26.598	39.567
26.598	40.787
26.598	40.813
26.598	39.647
26.598	40.446
26.597	41.277
26.598	39.811
26.597	39.969
26.798	40.740
26.798	38.737
26.798	39.895
26.798	39.583
26.799	38.792
26.799	40.269
26.799	38.303
26.799	39.601
26.799	39.530
26.799	38.536
26.996	39.632
26.997	37.846
26.998	39.407
26.998	37.704
26.998	39.292
26.996	37.889
26.997	39.463
26.997	37.925
26.998	39.486
26.997	37.996
27.198	39.231
27.199	38.251
27.199	37.995
27.198	38.923
27.199	37.515
27.198	38.949
27.199	38.124
27.198	38.088
27.198	38.876
27.198	37.558
27.398	38.259
27.397	38.208
27.397	36.961
27.397	37.616
27.397	38.155
27.397	37.045
27.399	37.140
27.398	38.153
27.398	37.569
27.397	36.968
27.598	37.297
27.598	37.350
27.597	36.945
27.597	36.406
27.597	36.695
27.597	37.016
27.597	37.371
27.598	37.055
27.598	36.408
27.598	36.543
27.800	36.284
27.799	36.431
27.799	36.498
27.799	36.536
27.799	36.414
27.799	36.239
27.799	36.080
27.799	36.062
27.800	36.099
27.799	36.230
27.997	35.913
27.997	35.796
27.998	35.800
27.998	35.756
27.998	35.784
27.999	35.798
27.998	35.770
27.998	35.801
27.998	35.774
27.997	35.791
28.199	35.386
28.397	35.273
28.597	34.561
28.798	33.599
28.997	34.254
29.197	32.655
29.399	32.582
29.597	32.791
29.798	32.191
29.999	31.672
30.199	31.113
30.398	30.471
30.598	30.712
30.798	30.490
30.999	29.563
31.198	30.019
31.397	29.641
31.599	28.950
31.795	28.839
32.000	28.741
32.200	28.713
32.397	28.680
32.598	27.925
32.801	27.862
33.002	28.160
33.196	27.539
33.399	27.063
33.597	27.326
33.803	27.133
33.990	26.841
34.193	26.582
34.397	26.430
34.597	26.825
34.795	26.271
34.991	25.837
35.199	26.026
35.400	26.113
35.598	25.490
35.798	25.443
36.000	25.672
36.198	25.546
36.398	25.328
36.598	24.836
36.795	25.331
36.995	25.416
37.198	25.227
37.399	24.795
37.596	25.193
37.795	25.173
38.004	24.919
38.200	24.791
38.396	24.778
38.595	25.071
38.802	24.459
39.005	24.615
39.196	24.283
39.396	24.696
39.598	24.256
39.800	24.181
39.993	24.233
40.196	24.294
40.396	24.116
40.598	23.718
40.794	24.299
40.982	24.063
41.200	24.419
41.399	23.811
41.600	23.932
41.799	24.023
41.997	23.845
42.196	23.713
42.397	23.877
42.604	24.186
42.796	23.716
42.998	24.085
43.199	23.716
43.395	24.353
43.598	24.207
43.799	24.176
43.997	24.315
44.196	24.477
44.397	24.557
44.595	24.444
44.794	25.141
44.995	24.521
45.194	24.908
45.395	23.800
45.596	23.157
45.795	22.592
45.995	22.001
46.197	21.763
46.396	21.731
46.596	21.848
46.797	21.405
46.995	22.005
47.195	20.596
47.396	20.993
47.599	20.979
47.813	20.868
47.999	20.909
48.196	20.848
48.400	20.680
48.600	20.785
48.795	21.154
48.999	20.555
49.198	21.162
49.398	21.093
49.594	21.140
49.798	21.236
49.997	21.203
50.198	21.086
50.393	21.317
50.598	21.567
50.797	21.403
50.998	21.905
51.200	21.604
51.397	22.014
51.596	22.043
51.796	21.965
51.998	22.019
52.195	21.880
52.393	21.756
52.594	21.950
52.795	22.373
52.998	21.844
53.195	22.475
53.394	22.223
53.595	22.224
53.795	22.332
54.000	22.258
54.197	22.345
54.396	22.459
54.564	22.413
54.797	22.123
54.994	22.662
55.200	22.328
55.400	22.680
55.598	22.985
55.800	22.876
55.995	22.777
56.199	22.864
56.398	22.812
56.598	23.061
56.798	23.382
56.992	22.869
57.197	23.037
57.393	22.955
57.600	22.866
57.813	23.050
57.992	23.153
58.194	23.102
58.399	23.262
58.595	23.160
58.792	23.011
58.994	23.532
59.195	23.449
59.396	23.456
59.600	23.542
59.796	23.510
59.993	23.546
60.191	23.721
60.391	23.701
60.593	23.979
60.796	24.189
61.000	23.852
61.197	24.311
61.392	24.566
61.591	24.595
61.802	24.742
61.993	24.900
62.195	25.070
62.398	25.182
62.594	25.223
62.800	25.288
62.998	25.702
63.197	25.565
63.398	25.749
63.599	26.108
63.792	25.994
63.996	25.960
64.191	25.643
64.398	25.351
64.596	24.465
64.794	23.271
64.994	21.735
65.196	21.405
65.399	21.590
65.591	22.157
65.797	23.139
65.992	23.647
66.200	24.873
66.397	26.023
66.596	27.286
66.796	29.110
66.996	30.976
67.201	32.444
67.395	33.545
67.598	34.078
67.792	33.723
68.000	32.307
68.197	30.711
68.395	29.409
68.594	28.773
68.795	28.002
68.997	27.436
69.200	27.290
69.392	27.207
69.596	26.854
69.791	26.895
69.999	26.826
70.196	26.882
70.394	27.040
70.592	26.978
70.792	27.301
70.992	27.462
71.194	27.404
71.398	27.288
71.590	27.537
71.796	27.508
71.990	27.522
72.197	27.587
72.382	27.581
72.591	27.433
72.789	27.326
73.002	27.222
73.202	27.446
73.390	27.576
73.592	27.810
73.796	27.811
74.001	28.071
74.193	28.195
74.400	28.282
74.594	28.103
74.789	28.333
74.999	28.501
75.198	28.501
75.396	28.350
75.595	28.710
75.796	28.914
75.997	28.983
76.200	28.950
76.390	28.861
76.594	29.110
76.800	28.876
76.992	29.070
77.200	29.097
77.395	29.314
77.590	29.216
77.801	29.321
77.998	29.557
78.197	29.734
78.396	29.835
78.596	29.654
78.799	30.246
79.000	30.502
79.187	30.727
79.392	30.693
79.597	31.188
79.787	31.325
79.995	31.572
80.188	31.560
80.397	31.719
80.591	31.974
80.803	31.773
80.999	31.805
81.197	31.910
81.395	32.317
81.594	32.116
81.795	32.164
81.994	32.408
82.199	32.565
82.401	32.518
82.588	32.331
82.793	32.856
82.999	32.850
83.190	33.276
83.398	33.083
83.592	33.079
83.799	33.600
83.985	33.687
84.187	33.647
84.401	33.889
84.597	34.112
84.794	33.906
84.992	34.259
85.192	34.296
85.389	34.585
85.593	34.446
85.795	34.645
85.998	34.722
86.202	35.003
86.387	35.049
86.594	34.943
86.800	35.507
86.988	35.368
87.197	35.683
87.388	35.527
87.598	35.966
87.790	36.141
88.003	36.206
88.197	36.209
88.392	36.438
88.588	36.866
88.784	36.623
89.002	36.983
89.200	36.865
89.400	37.311
89.599	37.305
89.801	37.526
90.003	37.717
90.186	37.977
90.390	38.027
90.594	37.911
90.800	38.518
90.986	38.421
91.194	38.979
91.402	38.649
91.590	38.950
91.801	39.194
91.990	39.368
92.203	39.448
92.394	39.734
92.587	40.176
92.801	40.036
92.996	40.397
93.191	40.321
93.387	40.852
93.583	40.775
93.802	40.867
94.001	40.839
94.200	41.182
94.400	41.213
94.601	41.255
94.803	42.017
94.983	41.775
95.187	42.663
95.391	42.112
95.574	42.579
95.803	42.992
95.986	42.906
96.195	43.063
96.403	43.682
96.589	43.833
96.799	43.748
96.987	44.040
97.199	43.913
97.388	44.752
97.603	44.648
97.793	44.815
97.985	45.135
98.202	45.225
98.395	45.364
98.589	45.333
98.783	46.250
99.004	46.426
99.201	46.656
99.397	46.226
99.595	47.040
99.794	48.008
99.993	47.591
100.194	47.965
100.395	48.153
100.597	48.980
100.800	48.829
101.004	49.506
101.183	49.965
101.388	50.188
101.594	50.810
101.800	51.078
101.982	51.490
102.191	51.854
102.400	52.051
102.584	52.158
102.794	52.820
103.007	52.902
103.193	53.419
103.406	53.274
103.593	53.972
103.781	54.527
103.998	54.612
104.187	54.888
104.405	55.547
104.596	56.147
104.787	55.985
104.980	56.610
105.201	56.841
105.395	57.625
105.590	57.755
105.785	57.880
105.982	58.388
106.207	58.987
106.404	59.150
106.603	59.352
106.802	60.517
107.003	60.709
107.203	61.310
107.404	61.303
107.607	61.948
107.782	62.306
107.984	63.155
108.189	63.546
108.394	64.080
108.600	64.822
108.806	64.693
108.985	65.579
109.193	65.740
109.402	66.786
109.582	66.777
109.793	67.469
110.004	67.906
110.186	68.357
110.399	68.717
110.582	68.991
110.796	70.124
110.981	70.199
111.197	71.062
111.382	71.065
111.600	72.210
111.787	73.025
112.006	73.795
112.194	74.195
112.383	74.751
112.605	75.433
112.796	75.536
112.987	76.316
113.180	76.712
113.404	77.839
113.598	78.227
113.791	79.082
113.985	80.240
114.181	81.320
114.376	81.807
114.605	82.394
114.803	83.822
115.001	84.679
115.200	85.645
115.399	86.079
115.600	87.461
115.800	88.362
116.001	89.498
116.203	90.560
116.408	91.525
116.576	92.934
116.781	93.316
116.984	94.793
117.193	95.508
117.399	97.456
117.606	97.704
117.779	99.071
117.988	100.431
118.198	101.890
118.404	103.175
118.582	103.742
118.791	105.723
119.005	107.403
119.182	108.802
119.395	109.656
119.609	111.699
119.789	113.231
120.005	114.887
120.184	116.360
120.402	118.098
120.584	120.086
120.802	121.343
120.984	123.278
121.205	125.375
121.389	127.389
121.611	128.862
121.795	130.484
121.982	132.966
122.205	135.440
122.390	137.302
122.579	138.944
122.806	142.569
122.994	144.594
123.183	147.143
123.410	149.457
123.601	152.288
123.793	155.316
123.984	157.934
124.177	160.404
124.409	164.075
124.603	167.406
124.797	169.643
124.992	173.654
125.187	176.681
125.384	181.742
125.581	184.538
125.778	187.904
125.977	192.064
126.175	197.474
126.374	202.308
126.574	205.790
126.774	211.560
126.976	217.860
127.178	223.218
127.381	228.302
127.584	236.514
127.787	242.480
127.992	250.985
128.197	257.158
128.403	266.369
128.609	274.840
128.774	282.082
128.982	291.868
129.190	304.318
129.399	314.610
129.607	327.246
129.776	335.767
129.985	352.204
130.197	367.930
130.407	385.783
130.578	398.579
130.791	419.427
131.007	446.028
131.010	437.171
131.011	440.849
131.011	437.864
131.010	440.959
131.011	437.753
131.181	463.525
131.182	459.282
131.183	458.564
131.183	461.589
131.182	457.914
131.183	460.838
131.183	458.817
131.182	458.349
131.183	461.208
131.182	458.249
131.401	493.688
131.398	487.569
131.398	485.175
131.398	486.279
131.397	488.194
131.397	485.810
131.397	487.564
131.397	488.722
131.398	486.618
131.397	485.656
131.575	516.066
131.571	512.194
131.571	510.252
131.570	509.678
131.570	511.349
131.574	512.790
131.570	510.225
131.571	508.886
131.571	508.987
131.570	509.452
131.796	548.030
131.786	543.255
131.787	543.255
131.788	543.048
131.787	541.759
131.786	541.960
131.788	542.865
131.787	539.790
131.788	542.164
131.787	543.310
132.021	587.940
132.005	582.327
132.004	580.266
132.005	579.481
132.003	582.915
132.004	581.620
132.004	581.433
132.004	581.630
132.005	582.117
132.005	580.820
132.191	616.084
132.178	616.131
132.178	616.628
132.179	615.973
132.179	616.172
132.180	617.722
132.182	618.441
132.178	616.070
132.179	615.062
132.181	617.891
132.421	643.038
132.397	642.227
132.397	643.422
132.397	642.190
132.396	643.442
132.396	641.997
132.399	643.535
132.399	648.815
132.399	648.054
132.398	641.716
132.593	664.864
132.572	665.229
132.573	665.097
132.573	661.270
132.571	664.788
132.573	666.682
132.573	661.425
132.574	661.354
132.574	664.888
132.574	665.542
132.815	682.370
132.793	687.242
132.796	683.697
132.794	684.245
132.792	687.774
132.793	680.295
132.793	686.583
132.796	683.138
132.794	682.923
132.793	687.148
132.985	693.500
132.967	699.785
132.968	692.503
132.971	699.659
132.972	693.511
132.969	700.728
132.970	694.204
132.971	700.811
132.970	694.398
132.969	700.595
133.203	706.049
133.193	711.133
133.191	704.877
133.191	708.192
133.192	708.149
133.191	704.156
133.192	711.042
133.192	705.102
133.192	709.566
133.192	708.900
133.373	713.023
133.368	717.143
133.369	715.561
133.369	711.762
133.370	716.825
133.370	716.151
133.371	711.206
133.369	715.635
133.370	716.932
133.369	711.861
133.589	721.914
133.592	724.800
133.590	725.158
133.590	722.010
133.599	721.564
133.596	723.192
133.592	725.365
133.591	724.808
133.592	722.838
133.592	721.563
133.760	728.455
133.770	729.693
133.769	729.774
133.766	730.571
133.769	730.392
133.768	728.946
133.779	728.804
133.772	729.989
133.772	729.690
133.771	731.017
133.967	736.026
133.997	737.885
133.989	738.228
133.994	737.895
133.991	736.241
134.000	734.673
133.992	734.892
133.994	737.089
133.994	738.165
133.995	738.446
134.156	741.649
134.172	745.469
134.180	746.528
134.173	746.167
134.175	744.538
134.175	744.740
134.175	745.204
134.176	742.784
134.173	743.024
134.176	744.601
134.363	744.162
134.395	749.261
134.404	749.002
134.395	747.705
134.402	743.116
134.400	741.263
134.393	747.655
134.399	747.250
134.403	746.899
134.402	744.427
134.553	739.522
134.580	743.083
134.582	743.764
134.582	737.261
134.581	741.901
134.582	744.584
134.582	739.299
134.578	738.676
134.577	742.960
134.585	741.536
134.772	737.663
134.808	743.557
134.807	738.230
134.816	740.065
134.810	742.971
134.807	736.643
134.808	743.664
134.808	737.537
134.806	740.140
134.805	742.490
134.966	735.804
134.990	739.729
134.989	734.484
134.986	740.696
134.995	735.839
134.990	743.807
134.989	736.743
134.990	743.741
134.990	736.654
134.988	743.783
135.152	735.787
135.174	738.545
135.174	736.261
135.173	735.568
135.173	739.528
135.173	732.804
135.174	739.540
135.173	735.259
135.170	737.971
135.173	738.805
135.383	731.744
135.401	731.653
135.400	732.308
135.402	727.731
135.402	730.550
135.398	733.294
135.400	728.673
135.401	729.129
135.402	732.409
135.401	730.897
135.578	726.547
135.583	723.993
135.585	726.425
135.585	726.321
135.583	723.478
135.584	723.395
135.585	724.883
135.584	726.499
135.586	725.699
135.584	723.032
135.770	723.943
135.768	718.335
135.767	719.379
135.769	720.111
135.769	720.240
135.770	720.055
135.768	719.487
135.769	718.252
135.770	718.102
135.768	719.249
136.010	717.624
135.998	711.916
135.999	711.431
135.999	711.362
135.997	711.783
136.000	711.589
136.000	711.665
135.998	710.944
136.001	710.947
136.001	711.258
136.200	708.767
136.185	704.497
136.185	704.214
136.185	702.311
136.187	702.204
136.184	702.094
136.185	701.627
136.184	701.544
136.185	701.386
136.184	702.420
136.388	700.774
136.373	694.724
136.373	692.143
136.368	690.730
136.367	690.572
136.371	693.150
136.374	694.057
136.371	692.842
136.367	691.125
136.367	691.563
136.629	687.142
136.603	672.033
136.602	674.121
136.603	668.708
136.603	677.225
136.603	670.840
136.605	672.438
136.602	675.165
136.605	677.219
136.604	672.858
136.812	674.460
136.789	658.112
136.791	654.995
136.789	660.024
136.791	654.361
136.790	657.378
136.789	657.074
136.791	655.093
136.792	659.475
136.792	654.435
136.999	646.981
136.977	635.900
136.977	637.909
136.976	638.657
136.978	638.367
136.977	638.542
136.976	635.754
136.977	637.196
136.976	636.640
136.979	638.021
137.238	625.944
137.215	604.508
137.212	609.499
137.213	605.572
137.214	608.167
137.213	604.336
137.213	603.322
137.213	606.796
137.216	600.644
137.213	604.148
137.414	592.836
137.400	572.352
137.400	574.437
137.402	576.375
137.401	571.897
137.401	571.970
137.402	574.727
137.401	572.274
137.402	570.662
137.401	574.001
137.602	562.764
137.591	540.429
137.590	539.816
137.592	541.884
137.590	542.973
137.591	543.985
137.589	541.765
137.590	539.645
137.591	539.863
137.593	542.175
137.787	528.583
137.780	511.924
137.778	510.978
137.778	510.838
137.781	512.414
137.778	511.660
137.780	510.902
137.779	510.566
137.780	512.061
137.781	512.373
137.973	498.610
137.970	484.596
137.971	484.559
137.969	485.662
137.968	485.953
137.971	485.545
137.970	485.629
137.970	485.596
137.969	485.735
137.970	486.184
138.208	471.605
138.209	455.982
138.209	454.982
138.208	455.285
138.208	456.883
138.209	456.870
138.208	457.850
138.209	458.975
138.208	459.063
138.208	457.572
138.397	443.316
138.399	433.075
138.400	432.730
138.400	435.423
138.399	436.001
138.399	432.627
138.399	432.185
138.397	430.677
138.399	430.589
138.393	435.592
138.586	422.711
138.590	411.787
138.593	414.168
138.590	415.682
138.590	412.962
138.592	415.602
138.590	414.378
138.591	410.100
138.591	412.936
138.591	413.802
138.777	400.385
138.783	393.002
138.785	394.012
138.782	391.094
138.782	395.518
138.784	392.029
138.784	393.320
138.783	395.230
138.783	393.179
138.786	392.894
138.966	381.902
138.972	373.244
138.978	371.027
138.975	375.183
138.975	373.131
138.977	373.031
138.977	374.653
138.976	374.459
138.975	374.272
138.976	372.670
139.164	364.709
139.170	357.789
139.169	354.661
139.167	358.893
139.170	354.634
139.169	356.457
139.171	359.076
139.171	356.706
139.171	358.856
139.171	356.031
139.406	347.296
139.414	337.754
139.412	334.554
139.414	336.230
139.413	337.669
139.414	335.715
139.411	334.738
139.412	336.575
139.411	336.296
139.411	334.875
139.604	327.514
139.607	321.410
139.608	321.189
139.608	320.371
139.607	320.503
139.607	320.836
139.608	321.640
139.606	321.244
139.606	320.464
139.608	319.454
139.801	313.996
139.804	305.960
139.802	306.264
139.803	306.027
139.803	306.045
139.802	306.042
139.802	306.374
139.803	305.967
139.804	305.651
139.803	305.220
140.000	298.559
139.998	292.909
139.999	294.573
139.999	294.864
139.999	293.369
139.997	292.860
139.998	293.350
139.997	293.145
139.997	293.382
139.998	293.100
140.198	287.722
140.195	282.694
140.195	282.454
140.195	282.673
140.195	281.823
140.195	281.503
140.193	281.568
140.194	282.272
140.192	282.937
140.195	282.749
140.400	277.947
140.390	273.489
140.391	272.848
140.391	274.290
140.392	273.326
140.390	275.459
140.389	274.308
140.392	272.877
140.390	273.295
140.391	274.459
140.598	272.721
140.585	268.642
140.588	267.777
140.587	269.094
140.588	269.727
140.585	268.346
140.588	267.955
140.588	269.894
140.590	267.660
140.586	269.724
140.795	271.213
140.787	270.103
140.786	271.021
140.786	271.977
140.786	270.473
140.785	271.927
140.787	269.873
140.786	270.999
140.786	271.673
140.787	270.702
140.989	278.133
140.985	277.369
140.983	281.158
140.984	278.026
140.984	280.397
140.983	278.210
140.985	279.952
140.984	277.629
140.984	279.929
140.985	277.672
141.181	287.989
141.184	287.703
141.184	289.907
141.185	289.188
141.184	288.740
141.185	290.705
141.186	289.048
141.184	289.697
141.183	289.318
141.183	289.828
141.373	295.949
141.384	295.292
141.384	295.267
141.385	296.960
141.386	294.854
141.383	294.728
141.383	296.863
141.383	295.430
141.383	293.878
141.383	295.012
141.570	295.588
141.583	293.535
141.584	292.787
141.583	293.730
141.584	293.911
141.583	294.056
141.584	292.165
141.584	292.059
141.584	292.966
141.586	293.141
141.770	291.885
141.786	290.356
141.784	289.054
141.784	289.127
141.785	288.788
141.785	288.533
141.783	288.297
141.785	287.860
141.784	288.976
141.785	289.848
141.975	286.089
141.987	282.579
141.987	281.905
141.986	282.543
141.987	282.464
141.987	281.832
141.986	282.231
141.986	283.167
141.985	283.545
141.986	285.418
142.181	281.174
142.189	275.636
142.188	276.059
142.188	276.622
142.188	276.901
142.188	276.743
142.188	275.925
142.189	276.365
142.188	276.905
142.188	275.883
142.386	271.057
142.390	265.110
142.391	266.554
142.391	267.112
142.390	267.500
142.391	266.498
142.390	266.649
142.390	266.317
142.389	267.593
142.391	267.976
142.591	263.137
142.592	258.208
142.594	259.750
142.594	259.742
142.593	257.832
142.593	258.426
142.592	259.529
142.594	257.569
142.593	257.647
142.593	258.465
142.796	253.509
142.796	249.575
142.797	250.417
142.797	248.505
142.797	250.232
142.797	249.792
142.796	250.586
142.796	251.791
142.797	248.402
142.797	250.697
143.002	246.360
143.001	242.056
143.002	240.479
143.002	241.277
143.001	240.978
143.002	241.652
143.002	240.617
143.002	238.286
143.001	238.933
143.001	241.067
143.209	234.952
143.207	234.304
143.207	233.195
143.206	235.446
143.206	234.311
143.206	234.119
143.207	235.755
143.206	233.808
143.206	234.509
143.206	235.318
143.415	229.552
143.412	228.442
143.411	228.280
143.412	227.451
143.412	228.015
143.412	229.185
143.411	227.777
143.411	227.742
143.412	228.125
143.411	228.055
143.569	224.074
143.565	224.247
143.566	223.690
143.566	223.507
143.566	222.838
143.566	223.267
143.566	223.112
143.566	224.142
143.566	223.708
143.566	223.241
143.775	219.549
143.773	217.458
143.772	217.053
143.772	217.929
143.773	218.061
143.772	217.656
143.772	217.570
143.772	217.322
143.772	217.077
143.773	217.148
143.982	212.878
143.978	210.958
143.979	210.958
143.979	211.654
143.978	212.173
143.979	212.035
143.979	212.523
143.979	213.090
143.979	214.001
143.979	214.017
144.189	210.025
144.186	207.376
144.187	207.658
144.186	207.790
144.186	207.813
144.187	207.755
144.186	207.479
144.187	207.074
144.187	206.953
144.187	207.240
144.397	203.717
144.395	201.875
144.394	201.887
144.396	199.478
144.395	198.369
144.394	199.427
144.395	200.362
144.396	201.584
144.394	201.287
144.396	200.966
144.605	196.624
144.604	196.428
144.603	195.134
144.605	195.645
144.605	196.686
144.604	195.628
144.604	195.763
144.604	197.582
144.604	198.124
144.605	195.929
144.814	193.806
144.814	192.366
144.814	191.633
144.813	193.170
144.813	191.315
144.813	193.356
144.813	191.891
144.813	191.875
144.813	193.078
144.813	192.201
144.970	191.669
145.181	185.227
145.392	183.010
145.604	178.805
145.816	174.459
145.976	170.735
146.189	166.709
146.403	163.890
146.564	160.698
146.779	158.318
146.994	154.049
147.212	152.264
147.375	149.051
147.591	146.979
147.810	144.445
147.974	142.864
148.194	141.010
148.413	139.083
148.579	137.638
148.800	134.745
148.966	133.886
149.188	131.694
149.412	130.302
149.579	128.554
149.803	127.047
149.972	126.113
150.196	124.832
150.367	123.280
150.592	121.373
150.763	120.677
150.990	119.712
151.162	118.407
151.391	117.602
151.564	117.318
151.793	116.365
151.966	115.355
152.197	114.083
152.371	113.108
152.604	112.855
152.778	112.182
153.013	110.278
153.189	110.509
153.365	109.825
153.600	108.877
153.777	108.713
154.014	107.638
154.192	107.310
154.371	106.471
154.609	105.757
154.788	104.276
154.969	104.612
155.210	102.465
155.390	102.354
155.571	101.842
155.813	100.572
155.997	100.096
156.179	99.230
156.362	98.431
156.607	97.174
156.792	96.934
156.976	95.501
157.161	95.375
157.410	94.195
157.586	92.530
157.781	92.719
157.968	92.485
158.218	91.288
158.406	90.381
158.594	89.905
158.783	88.385
158.972	87.929
159.162	86.889
159.417	86.587
159.606	85.667
159.798	85.104
159.990	85.010
160.182	84.373
160.374	83.365
160.567	82.212
160.761	82.325
161.021	81.240
161.215	80.741
161.411	79.984
161.606	79.277
161.802	78.821
161.999	77.695
162.195	77.262
162.394	76.908
162.591	76.377
162.790	75.630
162.988	74.691
163.189	74.226
163.388	73.872
163.589	73.106
163.801	72.514
163.991	72.427
164.193	72.363
164.396	72.125
164.598	71.438
164.802	70.818
165.006	70.971
165.210	70.539
165.416	70.316
165.621	70.264
165.758	69.589
165.964	69.257
166.171	68.950
166.379	68.287
166.586	67.745
166.795	67.488
167.004	66.554
167.212	66.459
167.423	65.999
167.564	65.512
167.775	65.037
167.986	64.989
168.198	64.744
168.410	64.239
168.623	64.238
168.765	63.289
168.979	63.621
169.194	62.739
169.409	62.604
169.622	62.186
169.769	62.088
169.985	61.583
170.200	61.352
170.418	60.692
170.614	60.413
171.091	60.546
171.458	59.924
171.870	59.385
172.271	59.014
172.686	58.150
173.091	57.123
173.466	56.703
173.888	55.787
174.266	55.493
174.678	55.184
175.060	54.226
175.444	54.201
175.875	53.584
176.263	52.822
176.684	52.467
177.075	52.498
177.468	51.835
177.862	51.434
178.256	51.157
178.656	50.634
179.057	50.110
179.458	49.706
179.861	49.270
180.266	48.855
180.673	48.828
181.050	48.155
181.460	48.230
181.873	48.017
182.287	47.164
182.653	46.761
183.072	46.806
183.458	46.387
183.879	46.001
184.252	45.686
184.644	45.350
185.071	45.050
185.501	44.687
185.845	44.324
186.278	43.511
186.660	43.820
187.062	43.281
187.500	43.241
187.852	42.592
188.295	42.142
188.649	42.065
189.095	41.921
189.452	41.938
189.903	41.746
190.265	41.728
190.663	41.405
191.083	41.507
191.448	41.461
191.852	41.194
192.277	41.152
192.647	41.388
193.053	41.122
193.486	41.043
193.861	40.844
194.237	40.591
194.710	40.527
195.088	40.419
195.462	40.306
195.854	39.821
196.238	39.849
196.623	39.487
197.103	39.138
197.498	38.637
