11.001	6.993
11.002	7.778
11.000	7.093
10.997	7.702
145.775	264.830
147.959	161.511
149.995	132.129
151.956	118.745
153.986	110.551
155.954	103.177
157.981	93.577
159.938	86.074
161.964	79.335
163.988	73.445
165.976	68.681
167.992	65.100
170.021	61.374
171.955	58.550
173.985	55.610
175.986	52.323
178.027	49.999
180.023	49.245
181.980	47.619
183.973	46.078
185.989	44.553
187.960	43.113
190.004	41.875
192.048	40.775
193.942	40.030
195.983	39.041
198.046	38.610
199.989	37.350
202.017	36.170
203.995	35.698
205.975	35.463
208.007	34.424
